0 172.592 213.007
0.00114189 176.298 217.581
0.00382781 176.263 215.876
0.00394483 175.447 215.603
0.00699001 171.249 212.817
0.0202987 172.758 212.848
0.0230456 173.953 213.277
0.0348771 171.376 209.543
0.0401668 167.775 203.437
0.0492879 165.013 200.488
0.0568733 165.217 199.164
0.0661174 163.901 196.715
0.067487 164.495 197.161
0.0740346 164.176 197.108
0.0769063 165.326 197.977
0.0795576 163.647 196.199
0.0795715 164.529 197.154
0.0795987 164.675 198.253
0.0890914 162.672 196.8
0.0924016 172.912 209.186
0.0944627 173.822 209.527
0.106243 175.787 211.976
0.118292 175.583 210.511
0.12884 165.807 198.125
0.140806 168.317 198.648
0.14483 165.853 196.298
0.153725 167.214 198.257
0.169721 166.74 197.013
0.17123 165.848 196.898
0.174399 165.065 196.562
0.176181 168.093 198.347
0.177943 165.773 197.79
0.182971 164.586 197.905
0.191499 169.49 200.698
0.199514 165.859 195.873
0.202675 166.204 196.305
0.205172 170.082 199.33
0.209839 168.767 198.358
0.21347 168.845 199.699
0.231237 169.241 199.737
0.239102 171.269 202.875
0.2435 171.588 202.025
0.258749 170.365 200.649
0.264236 170.759 201.012
0.266165 170.132 199.553
0.271301 173.184 204.118
0.286379 173.725 205.128
0.289009 172.703 203.228
0.289066 169.562 202.366
0.293255 172.177 205.46
0.297122 171.693 205.456
0.297612 173.619 206.416
0.302766 175.164 206.697
0.314226 178.223 208.227
0.320228 179.782 209.651
0.324554 177.94 207.97
0.326057 178.804 208.476
0.331483 179.454 208.843
0.332327 180.14 208.928
0.340506 180.393 209.717
0.342152 175.071 206.202
0.342867 174.424 205.696
0.343881 174.518 205.473
0.344316 174.032 203.653
0.350668 174.253 204.511
0.359196 171.403 201.393
0.371705 172.47 202.182
0.373613 172.734 202.723
0.385055 173.133 203.07
0.388652 174.929 205.493
0.395897 173.359 203.591
0.411958 172.582 202.799
0.414716 174.665 203.29
0.419616 174.259 203.347
0.420029 171.815 202.307
0.422322 174.43 203.49
0.442056 174.199 202.286
0.445412 169.448 198.46
0.457078 166.223 193.287
0.467768 168.034 193.847
0.474395 171.674 195.583
0.491352 172.218 193.87
0.492061 169.613 192.347
0.497287 169.587 193.047
0.498233 168.868 193.156
0.501092 165.159 191.499
0.510902 165.491 190.686
0.512043 165.546 191.323
0.537901 179.486 194.235
0.543706 179.153 193.564
0.54495 178.563 193.942
0.546853 176.96 193.121
0.55219 178.405 192.532
0.552916 176.803 193.697
0.557221 181.122 196.103
0.55742 183.129 197.094
0.558986 184.949 197.429
0.560468 185.751 199.662
0.562421 188.978 200.687
0.567781 186.317 199.898
0.569369 190.709 202.871
0.57597 193.365 204.341
0.579783 192.877 203.741
0.592272 197.825 205.691
0.597325 196.265 204.416
0.599318 197.254 205.178
0.606114 196.581 204.746
0.616984 199.515 204.14
0.624887 211.336 206.512
0.647284 217.772 205.882
0.655375 220.985 207.832
0.657875 211.653 204.583
0.662578 210.058 204.044
0.662851 208.03 202.902
0.663219 205.718 201.214
0.672188 207.425 200.701
0.672384 205.584 199.998
0.673023 202.29 198.973
0.678242 197.801 195.618
0.678613 194.799 195.164
0.678913 192.98 195.316
0.679336 195.561 195.833
0.679567 192.363 194.912
0.680548 195.132 195.124
0.681043 193.724 194.198
0.687953 199.478 195.886
0.694274 200.757 195.392
0.698489 198.488 194.432
0.707505 197.492 193.407
0.713805 204.017 193.641
0.716535 201.974 192.846
0.716848 204.273 194.145
0.717964 204.31 194.342
0.720438 206.113 194.395
0.720867 200.192 193.918
0.732733 202.614 193.442
0.733429 198.485 192.205
0.73497 195.583 190.932
0.740388 195.497 190.509
0.744296 200.424 194.861
0.745525 197.71 194.174
0.761655 206.003 193.936
0.764643 203.136 191.047
0.773087 220.279 194.118
0.77774 234.94 198.799
0.785536 256.839 201.862
0.787811 271.822 207.63
0.792438 261.79 204.991
0.793653 259.655 204.896
0.794838 272.998 214.632
0.806117 287.239 214.027
0.807258 289.235 213.38
0.819792 298.996 211.523
0.824829 291.742 205.755
0.827624 298.463 206.63
0.828037 291.654 205.234
0.832896 296.665 206.191
0.834509 300.495 205.784
0.834561 295.045 205.087
0.83912 291.006 203.087
0.839217 285.886 203.151
0.850076 284.997 197.333
0.850418 279.161 196.882
0.852397 304.796 202.756
0.854128 294.046 199.198
0.856852 279.131 192.472
0.86227 275.823 186.688
0.86376 275.181 186.846
0.866365 284.324 188.773
0.867267 283.263 189.928
0.898933 359.535 189.41
0.899165 360.677 191.206
0.899966 351.533 189.884
0.900452 376.632 194.415
0.901419 366.569 192.496
0.906559 401.07 195.479
0.907668 397.473 195.267
0.913578 417.402 195.414
0.918839 425.987 193.503
0.919347 404.138 190.795
0.921485 423.304 193.734
0.923956 417.905 192.021
0.924088 413.441 193.075
0.924442 404.353 192.085
0.934722 461.683 192.184
0.936273 444.302 190.159
0.938297 441.558 189.719
0.94142 448.299 189.448
0.941814 398.28 183.576
0.944315 409.318 184.596
0.944686 401.115 184.178
0.94996 433.295 185.743
0.951813 466.482 188.36
0.952257 453.223 188.426
0.956687 487.535 188.35
0.959778 520.817 190.099
0.962118 534.876 188.86
0.96482 567.406 189.395
0.965448 547.842 188.976
0.970796 578.794 186.322
0.972486 582.602 185.361
0.975964 646.842 185.739
0.977209 657.325 186.57
0.980573 723.517 184.263
0.981424 689.759 182.096
0.986569 986.075 185.28
0.987482 969.622 184.221
0.989389 1242.04 185.3
0.990387 1254.24 182.182
0.991547 1569.09 183.399
0.99197 1533.04 182.144
0.993061 1796.35 182.702
0.995522 2506.73 179.634
0.995946 2705.36 181.709
0.996081 2521.37 181.424
0.996138 2658.22 181.622
0.996526 2512.83 179.583
0.996772 2416.14 179.223
0.997304 2342.85 177.111
0.99774 2233.39 174.74
0.997862 2293.68 177.079
0.998669 2889.09 175.534
0.998858 4626.23 177.572
0.998952 4196.47 177.46
0.998984 3694.01 177.768
0.999136 2296.58 174.898
0.999218 1921.58 175.55
0.999441 4632.26 180.383
0.999461 2547.48 178.658
0.999984 55092.2 178.979
0.999993 90995.4 181.144
0.999996 69597.8 182.311
0.999998 806675 186.072
0.999999 3.77013e+08 184.141
0.999999 0 188.921
0 0 213.007
