0 0.981132075471698
0.001 0.844827586206897
0.002 0.918367346938776
0.003 0.862745098039216
0.004 0.740740740740741
0.005 0.75
0.006 0.836363636363636
0.007 0.790697674418605
0.008 0.769230769230769
0.009 0.673469387755102
0.01 0.682926829268293
0.011 0.679245283018868
0.012 0.72
0.013 0.872340425531915
0.014 0.702127659574468
0.015 0.821428571428571
0.016 0.763157894736842
0.017 0.843137254901961
0.018 0.666666666666667
0.019 0.679245283018868
0.02 0.64
0.021 0.69047619047619
0.022 0.660377358490566
0.023 0.66
0.024 0.731707317073171
0.025 0.56
0.026 0.520833333333333
0.027 0.634615384615385
0.028 0.55
0.029 0.634615384615385
0.03 0.568965517241379
0.031 0.723404255319149
0.032 0.660377358490566
0.033 0.655737704918033
0.034 0.666666666666667
0.035 0.553191489361702
0.036 0.653846153846154
0.037 0.510204081632653
0.038 0.590909090909091
0.039 0.5
0.04 0.557692307692308
0.041 0.711111111111111
0.042 0.568627450980392
0.043 0.627906976744186
0.044 0.509803921568627
0.045 0.64
0.046 0.581818181818182
0.047 0.565217391304348
0.048 0.530612244897959
0.049 0.510204081632653
0.05 0.666666666666667
0.051 0.568965517241379
0.052 0.58695652173913
0.053 0.510204081632653
0.054 0.511627906976744
0.055 0.557692307692308
0.056 0.442307692307692
0.057 0.454545454545455
0.058 0.577777777777778
0.059 0.558139534883721
0.06 0.627906976744186
0.061 0.615384615384615
0.062 0.580645161290323
0.063 0.568627450980392
0.064 0.5
0.065 0.491525423728814
0.066 0.520833333333333
0.067 0.491525423728814
0.068 0.551724137931034
0.069 0.543859649122807
0.07 0.56
0.071 0.577777777777778
0.072 0.595744680851064
0.073 0.410714285714286
0.074 0.537037037037037
0.075 0.45
0.076 0.509433962264151
0.077 0.517241379310345
0.078 0.508196721311475
0.079 0.431818181818182
0.08 0.509433962264151
0.081 0.51063829787234
0.082 0.5
0.083 0.404255319148936
0.084 0.416666666666667
0.085 0.48780487804878
0.086 0.607843137254902
0.087 0.425
0.088 0.560975609756098
0.089 0.6
0.09 0.475
0.091 0.612244897959184
0.092 0.466666666666667
0.093 0.451612903225806
0.094 0.474576271186441
0.095 0.6
0.096 0.595744680851064
0.097 0.475
0.098 0.549019607843137
0.099 0.441860465116279
0.1 0.594594594594595
0.101 0.5
0.102 0.442307692307692
0.103 0.448275862068966
0.104 0.540540540540541
0.105 0.439024390243902
0.106 0.431034482758621
0.107 0.389830508474576
0.108 0.4
0.109 0.527272727272727
0.11 0.557692307692308
0.111 0.489795918367347
0.112 0.369565217391304
0.113 0.574468085106383
0.114 0.4
0.115 0.431818181818182
0.116 0.32258064516129
0.117 0.379310344827586
0.118 0.347826086956522
0.119 0.435897435897436
0.12 0.509803921568627
0.121 0.404761904761905
0.122 0.351851851851852
0.123 0.433962264150943
0.124 0.362068965517241
0.125 0.404761904761905
0.126 0.425531914893617
0.127 0.458333333333333
0.128 0.375
0.129 0.428571428571429
0.13 0.42
0.131 0.238095238095238
0.132 0.282608695652174
0.133 0.469387755102041
0.134 0.30952380952381
0.135 0.395833333333333
0.136 0.457627118644068
0.137 0.425531914893617
0.138 0.431372549019608
0.139 0.379310344827586
0.14 0.363636363636364
0.141 0.254545454545455
0.142 0.325581395348837
0.143 0.456521739130435
0.144 0.528301886792453
0.145 0.464285714285714
0.146 0.289473684210526
0.147 0.358490566037736
0.148 0.414634146341463
0.149 0.447368421052632
0.15 0.255813953488372
0.151 0.260869565217391
0.152 0.42
0.153 0.36
0.154 0.26
0.155 0.369565217391304
0.156 0.319148936170213
0.157 0.319148936170213
0.158 0.357142857142857
0.159 0.302325581395349
0.16 0.219512195121951
0.161 0.304347826086957
0.162 0.275
0.163 0.354166666666667
0.164 0.313725490196078
0.165 0.272727272727273
0.166 0.25531914893617
0.167 0.333333333333333
0.168 0.384615384615385
0.169 0.377777777777778
0.17 0.470588235294118
0.171 0.274509803921569
0.172 0.351351351351351
0.173 0.172413793103448
0.174 0.311111111111111
0.175 0.25
0.176 0.459459459459459
0.177 0.214285714285714
0.178 0.163265306122449
0.179 0.30952380952381
0.18 0.295454545454545
0.181 0.346153846153846
0.182 0.333333333333333
0.183 0.303030303030303
0.184 0.269230769230769
0.185 0.176470588235294
0.186 0.25
0.187 0.244897959183673
0.188 0.285714285714286
0.189 0.339285714285714
0.19 0.315789473684211
0.191 0.326086956521739
0.192 0.220338983050847
0.193 0.275
0.194 0.159090909090909
0.195 0.277777777777778
0.196 0.26530612244898
0.197 0.146341463414634
0.198 0.404761904761905
0.199 0.30188679245283
0.2 0.183673469387755
0.201 0.232142857142857
0.202 0.325581395348837
0.203 0.186046511627907
0.204 0.276595744680851
0.205 0.302325581395349
0.206 0.283018867924528
0.207 0.1875
0.208 0.270833333333333
0.209 0.19047619047619
0.21 0.209302325581395
0.211 0.244444444444444
0.212 0.257142857142857
0.213 0.254901960784314
0.214 0.341463414634146
0.215 0.27906976744186
0.216 0.195652173913043
0.217 0.222222222222222
0.218 0.26530612244898
0.219 0.204545454545455
0.22 0.260869565217391
0.221 0.238095238095238
0.222 0.204545454545455
0.223 0.25
0.224 0.205128205128205
0.225 0.0444444444444444
0.226 0.179487179487179
0.227 0.19047619047619
0.228 0.04
0.229 0.208333333333333
0.23 0.227272727272727
0.231 0.212765957446809
0.232 0.235294117647059
0.233 0.207547169811321
0.234 0.194444444444444
0.235 0.131578947368421
0.236 0.166666666666667
0.237 0.282608695652174
0.238 0.173913043478261
0.239 0.177777777777778
0.24 0.22
0.241 0.26530612244898
0.242 0.235294117647059
0.243 0.152173913043478
0.244 0.146341463414634
0.245 0.131578947368421
0.246 0.146341463414634
0.247 0.179487179487179
0.248 0.2
0.249 0.166666666666667
0.25 0.285714285714286
0.251 0.0731707317073171
0.252 0.181818181818182
0.253 0.0833333333333333
0.254 0.218181818181818
0.255 0.185185185185185
0.256 0.166666666666667
0.257 0.1
0.258 0.125
0.259 0.0487804878048781
0.26 0.227272727272727
0.261 0.0930232558139535
0.262 0.0851063829787234
0.263 0.146341463414634
0.264 0.166666666666667
0.265 0.16
0.266 0.0689655172413793
0.267 0.166666666666667
0.268 0.170731707317073
0.269 0.121951219512195
0.27 0.12962962962963
0.271 0.151515151515152
0.272 0.0851063829787234
0.273 0.102564102564103
0.274 0.111111111111111
0.275 0.0465116279069767
0.276 0.114285714285714
0.277 0.116279069767442
0.278 0.0754716981132075
0.279 0.111111111111111
0.28 0.0909090909090909
0.281 0.152173913043478
0.282 0.157894736842105
0.283 0.166666666666667
0.284 0.127272727272727
0.285 0.130434782608696
0.286 0.156862745098039
0.287 0.121212121212121
0.288 0.113636363636364
0.289 0.0625
0.29 0.1
0.291 0.102564102564103
0.292 0.0697674418604651
0.293 0.133333333333333
0.294 0.1
0.295 0.116279069767442
0.296 0.0869565217391304
0.297 0.108695652173913
0.298 0.148936170212766
0.299 0.03125
0.3 0.0888888888888889
0.301 0.0851063829787234
0.302 0.145833333333333
0.303 0.133333333333333
0.304 0.176470588235294
0.305 0.163265306122449
0.306 0.1
0.307 0.115384615384615
0.308 0.0555555555555556
0.309 0.166666666666667
0.31 0.145833333333333
0.311 0.0952380952380952
0.312 0.027027027027027
0.313 0.111111111111111
0.314 0.0789473684210526
0.315 0.0444444444444444
0.316 0.0625
0.317 0.0833333333333333
0.318 0.0454545454545455
0.319 0.121951219512195
0.32 0.114285714285714
0.321 0.0810810810810811
0.322 0.025
0.323 0.0476190476190476
0.324 0.102564102564103
0.325 0.0952380952380952
0.326 0.08
0.327 0.0666666666666667
0.328 0.0606060606060606
0.329 0.192307692307692
0.33 0.108108108108108
0.331 0.0731707317073171
0.332 0.0784313725490196
0.333 0.0465116279069767
0.334 0.170212765957447
0.335 0.0454545454545455
0.336 0.0526315789473684
0.337 0
0.338 0
0.339 0.0769230769230769
0.34 0.05
0.341 0.025
0.342 0.0952380952380952
0.343 0.027027027027027
0.344 0.0377358490566038
0.345 0.0666666666666667
0.346 0.0740740740740741
0.347 0.0465116279069767
0.348 0.04
0.349 0.0869565217391304
0.35 0.0769230769230769
0.351 0.024390243902439
0.352 0.0238095238095238
0.353 0
0.354 0.0555555555555556
0.355 0.0652173913043478
0.356 0.025
0.357 0.0512820512820513
0.358 0.0333333333333333
0.359 0.04
0.36 0
0.361 0.0731707317073171
0.362 0.113636363636364
0.363 0.0212765957446809
0.364 0
0.365 0.0625
0.366 0.0512820512820513
0.367 0.0588235294117647
0.368 0.0666666666666667
0.369 0.0769230769230769
0.37 0.0566037735849057
0.371 0
0.372 0
0.373 0.0769230769230769
0.374 0.0285714285714286
0.375 0.05
0.376 0.05
0.377 0.025
0.378 0.024390243902439
0.379 0.027027027027027
0.38 0
0.381 0
0.382 0.0789473684210526
0.383 0.0434782608695652
0.384 0.0483870967741935
0.385 0.102040816326531
0.386 0.037037037037037
0.387 0
0.388 0.0256410256410256
0.389 0
0.39 0.0714285714285714
0.391 0.0540540540540541
0.392 0
0.393 0
0.394 0.0285714285714286
0.395 0.0444444444444444
0.396 0.0178571428571429
0.397 0
0.398 0.0487804878048781
0.399 0
0.4 0
0.401 0.0303030303030303
0.402 0
0.403 0.0434782608695652
0.404 0.0222222222222222
0.405 0.05
0.406 0
0.407 0
0.408 0.0238095238095238
0.409 0.0222222222222222
0.41 0.0285714285714286
0.411 0
0.412 0
0.413 0.0571428571428571
0.414 0.0697674418604651
0.415 0.0540540540540541
0.416 0.025
0.417 0.0238095238095238
0.418 0
0.419 0
0.42 0.0526315789473684
0.421 0
0.422 0
0.423 0
0.424 0
0.425 0
0.426 0.0357142857142857
0.427 0
0.428 0
0.429 0
0.43 0.0303030303030303
0.431 0
0.432 0.0222222222222222
0.433 0
0.434 0
0.435 0.0512820512820513
0.436 0
0.437 0.0217391304347826
0.438 0.0227272727272727
0.439 0
0.44 0
0.441 0
0.442 0
0.443 0.0697674418604651
0.444 0
0.445 0.0227272727272727
0.446 0
0.447 0.0689655172413793
0.448 0
0.449 0.024390243902439
0.45 0
0.451 0.0384615384615385
0.452 0.0196078431372549
0.453 0.0294117647058824
0.454 0
0.455 0.0277777777777778
0.456 0
0.457 0.0285714285714286
0.458 0
0.459 0.0238095238095238
0.46 0
0.461 0
0.462 0
0.463 0.0333333333333333
0.464 0
0.465 0
0.466 0
0.467 0
0.468 0
0.469 0
0.47 0
0.471 0
0.472 0
0.473 0
0.474 0
0.475 0
0.476 0
0.477 0
0.478 0
0.479 0
0.48 0
0.481 0
0.482 0
0.483 0
0.484 0
0.485 0.0232558139534884
0.486 0.037037037037037
0.487 0
0.488 0
0.489 0
0.49 0
0.491 0.0208333333333333
0.492 0
0.493 0
0.494 0
0.495 0.027027027027027
0.496 0
0.497 0
0.498 0
0.499 0.0192307692307692
0.5 0
0.501 0.0256410256410256
0.502 0
0.503 0.0344827586206897
0.504 0
0.505 0
0.506 0
0.507 0
0.508 0
0.509 0
0.51 0
0.511 0
0.512 0
0.513 0
0.514 0
0.515 0
0.516 0
0.517 0
0.518 0.0204081632653061
0.519 0
0.52 0
0.521 0
0.522 0
0.523 0
0.524 0.0232558139534884
0.525 0
0.526 0
0.527 0
0.528 0
0.529 0
0.53 0
0.531 0
0.532 0.037037037037037
0.533 0
0.534 0
0.535 0
0.536 0.027027027027027
0.537 0
0.538 0
0.539 0
0.54 0
0.541 0
0.542 0
0.543 0
0.544 0
0.545 0
0.546 0
0.547 0
0.548 0
0.549 0
0.55 0
0.551 0
0.552 0
0.553 0.0416666666666667
0.554 0.0232558139534884
0.555 0
0.556 0
0.557 0
0.558 0
0.559 0
0.56 0
0.561 0
0.562 0
0.563 0
0.564 0
0.565 0
0.566 0
0.567 0
0.568 0
0.569 0
0.57 0
0.571 0
0.572 0
0.573 0
0.574 0
0.575 0
0.576 0
0.577 0
0.578 0
0.579 0
0.58 0
0.581 0
0.582 0.0232558139534884
0.583 0
0.584 0
0.585 0
0.586 0
0.587 0
0.588 0
0.589 0.0238095238095238
0.59 0
0.591 0
0.592 0
0.593 0.0303030303030303
0.594 0
0.595 0.0238095238095238
0.596 0.0238095238095238
0.597 0
0.598 0
0.599 0
0.6 0
0.601 0
0.602 0.03125
0.603 0
0.604 0
0.605 0
0.606 0
0.607 0
0.608 0
0.609 0
0.61 0
0.611 0
0.612 0
0.613 0
0.614 0
0.615 0
0.616 0
0.617 0
0.618 0
0.619 0
0.62 0
0.621 0
0.622 0
0.623 0
0.624 0
0.625 0
0.626 0
0.627 0
0.628 0
0.629 0
0.63 0
0.631 0
0.632 0
0.633 0
0.634 0
0.635 0
0.636 0
0.637 0
0.638 0
0.639 0
0.64 0
0.641 0
0.642 0
0.643 0
0.644 0
0.645 0
0.646 0
0.647 0
0.648 0
0.649 0
0.65 0
0.651 0
0.652 0
0.653 0
0.654 0
0.655 0
0.656 0
0.657 0
0.658 0
0.659 0
0.66 0
0.661 0
0.662 0
0.663 0
0.664 0
0.665 0
0.666 0
0.667 0
0.668 0
0.669 0
0.67 0
0.671 0
0.672 0
0.673 0
0.674 0
0.675 0
0.676 0
0.677 0
0.678 0
0.679 0
0.68 0
0.681 0
0.682 0
0.683 0
0.684 0
0.685 0
0.686 0
0.687 0
0.688 0
0.689 0
0.69 0
0.691 0
0.692 0
0.693 0
0.694 0
0.695 0
0.696 0
0.697 0
0.698 0
0.699 0
0.7 0
0.701 0
0.702 0
0.703 0
0.704 0
0.705 0
0.706 0
0.707 0
0.708 0
0.709 0
0.71 0
0.711 0
0.712 0
0.713 0
0.714 0
0.715 0
0.716 0
0.717 0
0.718 0
0.719 0
0.72 0
0.721 0
0.722 0
0.723 0
0.724 0
0.725 0
0.726 0
0.727 0
0.728 0
0.729 0
0.73 0
0.731 0
0.732 0
0.733 0
0.734 0
0.735 0
0.736 0
0.737 0
0.738 0
0.739 0
0.74 0
0.741 0
0.742 0
0.743 0
0.744 0
0.745 0
0.746 0
0.747 0
0.748 0
0.749 0
0.75 0
0.751 0
0.752 0
0.753 0
0.754 0
0.755 0
0.756 0
0.757 0
0.758 0
0.759 0
0.76 0
0.761 0
0.762 0
0.763 0
0.764 0
0.765 0
0.766 0
0.767 0
0.768 0
0.769 0
0.77 0
0.771 0
0.772 0
0.773 0
0.774 0
0.775 0
0.776 0
0.777 0
0.778 0
0.779 0
0.78 0
0.781 0
0.782 0
0.783 0
0.784 0
0.785 0
0.786 0
0.787 0
0.788 0
0.789 0
0.79 0
0.791 0
0.792 0
0.793 0
0.794 0
0.795 0
0.796 0
0.797 0
0.798 0
0.799 0
0.8 0
0.801 0
0.802 0
0.803 0
0.804 0
0.805 0
0.806 0
0.807 0
0.808 0
0.809 0
0.81 0
0.811 0
0.812 0
0.813 0
0.814 0
0.815 0
0.816 0
0.817 0
0.818 0
0.819 0
0.82 0
0.821 0
0.822 0
0.823 0
0.824 0
0.825 0
0.826 0
0.827 0
0.828 0
0.829 0
0.83 0
0.831 0
0.832 0
0.833 0
0.834 0
0.835 0
0.836 0
0.837 0
0.838 0
0.839 0
0.84 0
0.841 0
0.842 0
0.843 0
0.844 0
0.845 0
0.846 0
0.847 0
0.848 0
0.849 0
0.85 0
0.851 0
0.852 0
0.853 0
0.854 0
0.855 0
0.856 0
0.857 0
0.858 0
0.859 0
0.86 0
0.861 0
0.862 0
0.863 0
0.864 0
0.865 0
0.866 0
0.867 0
0.868 0
0.869 0
0.87 0
0.871 0
0.872 0
0.873 0
0.874 0
0.875 0
0.876 0
0.877 0
0.878 0
0.879 0
0.88 0
0.881 0
0.882 0
0.883 0
0.884 0
0.885 0
0.886 0
0.887 0
0.888 0
0.889 0
0.89 0
0.891 0
0.892 0
0.893 0
0.894 0
0.895 0
0.896 0
0.897 0
0.898 0
0.899 0
0.9 0
0.901 0
0.902 0
0.903 0
0.904 0
0.905 0
0.906 0
0.907 0
0.908 0
0.909 0
0.91 0
0.911 0
0.912 0
0.913 0
0.914 0
0.915 0
0.916 0
0.917 0
0.918 0
0.919 0
0.92 0
0.921 0
0.922 0
0.923 0
0.924 0
0.925 0
0.926 0
0.927 0
0.928 0
0.929 0
0.93 0
0.931 0
0.932 0
0.933 0
0.934 0
0.935 0
0.936 0
0.937 0
0.938 0
0.939 0
0.94 0
0.941 0
0.942 0
0.943 0
0.944 0
0.945 0
0.946 0
0.947 0
0.948 0
0.949 0
0.95 0
0.951 0
0.952 0
0.953 0
0.954 0
0.955 0
0.956 0
0.957 0
0.958 0
0.959 0
0.96 0
0.961 0
0.962 0
0.963 0
0.964 0
0.965 0
0.966 0
0.967 0
0.968 0
0.969 0
0.97 0
0.971 0
0.972 0
0.973 0
0.974 0
0.975 0
0.976 0
0.977 0
0.978 0
0.979 0
0.98 0
0.981 0
0.982 0
0.983 0
0.984 0
0.985 0
0.986 0
0.987 0
0.988 0
0.989 0
0.99 0
0.991 0
0.992 0
0.993 0
0.994 0
0.995 0
0.996 0
0.997 0
0.998 0
0.999 0
