0 1.238
0.001 1.248
0.002 1.284
0.003 1.264
0.004 1.298
0.005 1.3
0.006 1.227
0.007 1.232
0.008 1.242
0.009 1.211
0.01 1.27
0.011 1.225
0.012 1.314
0.013 1.172
0.014 1.23
0.015 1.235
0.016 1.209
0.017 1.232
0.018 1.271
0.019 1.205
0.02 1.218
0.021 1.275
0.022 1.193
0.023 1.244
0.024 1.168
0.025 1.219
0.026 1.151
0.027 1.225
0.028 1.187
0.029 1.277
0.03 1.206
0.031 1.189
0.032 1.236
0.033 1.221
0.034 1.251
0.035 1.219
0.036 1.253
0.037 1.195
0.038 1.176
0.039 1.198
0.04 1.246
0.041 1.208
0.042 1.259
0.043 1.26
0.044 1.232
0.045 1.227
0.046 1.232
0.047 1.212
0.048 1.192
0.049 1.224
0.05 1.257
0.051 1.221
0.052 1.244
0.053 1.227
0.054 1.347
0.055 1.227
0.056 1.261
0.057 1.162
0.058 1.196
0.059 1.227
0.06 1.22
0.061 1.251
0.062 1.164
0.063 1.206
0.064 1.19
0.065 1.217
0.066 1.19
0.067 1.203
0.068 1.187
0.069 1.228
0.07 1.269
0.071 1.143
0.072 1.171
0.073 1.201
0.074 1.264
0.075 1.177
0.076 1.227
0.077 1.253
0.078 1.215
0.079 1.206
0.08 1.285
0.081 1.197
0.082 1.251
0.083 1.155
0.084 1.177
0.085 1.218
0.086 1.216
0.087 1.182
0.088 1.195
0.089 1.215
0.09 1.181
0.091 1.201
0.092 1.209
0.093 1.225
0.094 1.234
0.095 1.192
0.096 1.177
0.097 1.2
0.098 1.214
0.099 1.304
0.1 1.149
0.101 1.139
0.102 1.189
0.103 1.213
0.104 1.162
0.105 1.205
0.106 1.207
0.107 1.199
0.108 1.19
0.109 1.183
0.11 1.087
0.111 1.207
0.112 1.219
0.113 1.167
0.114 1.252
0.115 1.17
0.116 1.183
0.117 1.184
0.118 1.169
0.119 1.181
0.12 1.191
0.121 1.132
0.122 1.173
0.123 1.216
0.124 1.158
0.125 1.245
0.126 1.236
0.127 1.157
0.128 1.162
0.129 1.175
0.13 1.142
0.131 1.151
0.132 1.221
0.133 1.207
0.134 1.154
0.135 1.177
0.136 1.091
0.137 1.141
0.138 1.172
0.139 1.175
0.14 1.161
0.141 1.168
0.142 1.108
0.143 1.158
0.144 1.171
0.145 1.174
0.146 1.211
0.147 1.098
0.148 1.167
0.149 1.199
0.15 1.176
0.151 1.211
0.152 1.18
0.153 1.183
0.154 1.224
0.155 1.17
0.156 1.185
0.157 1.148
0.158 1.197
0.159 1.139
0.16 1.206
0.161 1.169
0.162 1.169
0.163 1.141
0.164 1.172
0.165 1.149
0.166 1.184
0.167 1.132
0.168 1.222
0.169 1.216
0.17 1.153
0.171 1.122
0.172 1.131
0.173 1.183
0.174 1.125
0.175 1.148
0.176 1.216
0.177 1.184
0.178 1.145
0.179 1.171
0.18 1.133
0.181 1.184
0.182 1.166
0.183 1.128
0.184 1.142
0.185 1.196
0.186 1.074
0.187 1.176
0.188 1.171
0.189 1.175
0.19 1.09
0.191 1.113
0.192 1.129
0.193 1.135
0.194 1.131
0.195 1.196
0.196 1.098
0.197 1.154
0.198 1.11
0.199 1.145
0.2 1.161
0.201 1.174
0.202 1.158
0.203 1.157
0.204 1.185
0.205 1.148
0.206 1.163
0.207 1.106
0.208 1.177
0.209 1.103
0.21 1.13
0.211 1.151
0.212 1.163
0.213 1.141
0.214 1.094
0.215 1.139
0.216 1.183
0.217 1.198
0.218 1.134
0.219 1.166
0.22 1.16
0.221 1.22
0.222 1.129
0.223 1.143
0.224 1.174
0.225 1.071
0.226 1.164
0.227 1.114
0.228 1.155
0.229 1.116
0.23 1.112
0.231 1.094
0.232 1.13
0.233 1.103
0.234 1.163
0.235 1.132
0.236 1.119
0.237 1.086
0.238 1.122
0.239 1.187
0.24 1.123
0.241 1.125
0.242 1.129
0.243 1.038
0.244 1.127
0.245 1.103
0.246 1.13
0.247 1.07
0.248 1.061
0.249 1.073
0.25 1.083
0.251 1.116
0.252 1.114
0.253 1.207
0.254 1.071
0.255 1.181
0.256 1.122
0.257 1.112
0.258 1.149
0.259 1.112
0.26 1.111
0.261 1.087
0.262 1.108
0.263 1.097
0.264 1.063
0.265 1.13
0.266 1.022
0.267 1.095
0.268 1.105
0.269 1.091
0.27 1.047
0.271 1.092
0.272 1.113
0.273 1.099
0.274 1.03
0.275 1.074
0.276 1.104
0.277 1.081
0.278 1.085
0.279 1.147
0.28 1.122
0.281 1.069
0.282 1.071
0.283 1.096
0.284 1.112
0.285 1.072
0.286 1.075
0.287 1.103
0.288 1.084
0.289 1.075
0.29 1.036
0.291 1.096
0.292 1.042
0.293 1.116
0.294 1.135
0.295 1.053
0.296 1.124
0.297 1.114
0.298 1.08
0.299 1.074
0.3 1.053
0.301 1.063
0.302 1.046
0.303 1.079
0.304 1.072
0.305 1.062
0.306 1.074
0.307 1.119
0.308 1.062
0.309 1.05
0.31 1.076
0.311 1.149
0.312 1.015
0.313 1.026
0.314 1.075
0.315 1.081
0.316 1.118
0.317 1.085
0.318 1.039
0.319 1.068
0.32 1.03
0.321 1.133
0.322 1.025
0.323 1.051
0.324 1.062
0.325 1.032
0.326 1.093
0.327 1.028
0.328 1.063
0.329 1.042
0.33 1.095
0.331 0.999
0.332 1.035
0.333 1.063
0.334 1.078
0.335 1.021
0.336 1.113
0.337 0.997
0.338 1.008
0.339 1.105
0.34 1.07
0.341 1.007
0.342 1.082
0.343 1.075
0.344 1.013
0.345 1.016
0.346 1.07
0.347 1.065
0.348 0.992
0.349 1.04
0.35 1.063
0.351 0.993
0.352 1.046
0.353 1.093
0.354 1.079
0.355 1.037
0.356 1.097
0.357 1.055
0.358 1.009
0.359 1.04
0.36 1.043
0.361 1.032
0.362 1.03
0.363 1.048
0.364 1.014
0.365 1.059
0.366 1.025
0.367 0.982
0.368 1.054
0.369 0.979
0.37 1.114
0.371 1.021
0.372 0.986
0.373 1.009
0.374 0.992
0.375 1.001
0.376 1.021
0.377 1.026
0.378 1.026
0.379 1.011
0.38 1.034
0.381 1.007
0.382 0.999
0.383 0.997
0.384 1.002
0.385 0.991
0.386 1.047
0.387 1.014
0.388 1.087
0.389 1.005
0.39 0.98
0.391 1.01
0.392 0.976
0.393 1.032
0.394 0.99
0.395 1.005
0.396 1.037
0.397 1.003
0.398 1.012
0.399 0.935
0.4 1.011
0.401 1.085
0.402 1.034
0.403 1.042
0.404 0.971
0.405 0.97
0.406 0.986
0.407 1.009
0.408 1.021
0.409 1.009
0.41 0.977
0.411 1.049
0.412 1.002
0.413 0.996
0.414 0.973
0.415 1.019
0.416 0.995
0.417 1.01
0.418 0.991
0.419 1.018
0.42 1.024
0.421 1.001
0.422 0.993
0.423 0.969
0.424 1
0.425 0.982
0.426 1.02
0.427 1.031
0.428 1.009
0.429 0.976
0.43 1.003
0.431 0.986
0.432 1.045
0.433 0.945
0.434 1.063
0.435 1.003
0.436 0.973
0.437 0.967
0.438 0.984
0.439 0.955
0.44 0.954
0.441 0.994
0.442 0.984
0.443 1.016
0.444 0.94
0.445 0.982
0.446 0.915
0.447 0.978
0.448 0.999
0.449 0.92
0.45 0.964
0.451 0.932
0.452 0.962
0.453 1.042
0.454 0.963
0.455 0.937
0.456 0.968
0.457 0.976
0.458 0.94
0.459 0.954
0.46 0.943
0.461 0.988
0.462 0.94
0.463 0.991
0.464 0.906
0.465 1.03
0.466 0.962
0.467 0.96
0.468 0.967
0.469 0.975
0.47 0.953
0.471 0.999
0.472 0.946
0.473 0.978
0.474 0.919
0.475 0.964
0.476 0.896
0.477 0.98
0.478 0.912
0.479 1.022
0.48 0.946
0.481 0.89
0.482 0.933
0.483 0.952
0.484 0.953
0.485 0.915
0.486 0.891
0.487 0.988
0.488 0.931
0.489 0.926
0.49 0.906
0.491 0.885
0.492 0.924
0.493 0.882
0.494 0.966
0.495 0.96
0.496 0.919
0.497 0.96
0.498 0.925
0.499 0.908
0.5 0.924
0.501 0.88
0.502 0.938
0.503 0.835
0.504 0.955
0.505 0.937
0.506 0.92
0.507 0.951
0.508 0.921
0.509 0.941
0.51 0.884
0.511 0.932
0.512 0.925
0.513 0.902
0.514 0.889
0.515 0.878
0.516 0.872
0.517 0.857
0.518 0.875
0.519 0.949
0.52 0.961
0.521 0.943
0.522 0.865
0.523 0.886
0.524 0.904
0.525 0.924
0.526 0.864
0.527 0.831
0.528 0.866
0.529 0.883
0.53 0.889
0.531 0.919
0.532 0.925
0.533 0.889
0.534 0.888
0.535 0.887
0.536 0.898
0.537 0.85
0.538 0.935
0.539 0.859
0.54 0.812
0.541 0.915
0.542 0.869
0.543 0.915
0.544 0.875
0.545 0.887
0.546 0.936
0.547 0.88
0.548 0.831
0.549 0.906
0.55 0.881
0.551 0.904
0.552 0.888
0.553 0.906
0.554 0.893
0.555 0.851
0.556 0.905
0.557 0.806
0.558 0.807
0.559 0.863
0.56 0.877
0.561 0.892
0.562 0.888
0.563 0.866
0.564 0.889
0.565 0.866
0.566 0.841
0.567 0.865
0.568 0.903
0.569 0.862
0.57 0.828
0.571 0.891
0.572 0.829
0.573 0.852
0.574 0.881
0.575 0.778
0.576 0.803
0.577 0.83
0.578 0.872
0.579 0.879
0.58 0.862
0.581 0.899
0.582 0.844
0.583 0.867
0.584 0.869
0.585 0.819
0.586 0.832
0.587 0.817
0.588 0.826
0.589 0.863
0.59 0.848
0.591 0.814
0.592 0.858
0.593 0.845
0.594 0.88
0.595 0.871
0.596 0.775
0.597 0.853
0.598 0.889
0.599 0.816
0.6 0.812
0.601 0.818
0.602 0.849
0.603 0.806
0.604 0.852
0.605 0.869
0.606 0.814
0.607 0.801
0.608 0.784
0.609 0.828
0.61 0.855
0.611 0.842
0.612 0.849
0.613 0.852
0.614 0.788
0.615 0.822
0.616 0.817
0.617 0.775
0.618 0.845
0.619 0.801
0.62 0.836
0.621 0.806
0.622 0.825
0.623 0.828
0.624 0.787
0.625 0.778
0.626 0.772
0.627 0.755
0.628 0.752
0.629 0.773
0.63 0.839
0.631 0.758
0.632 0.824
0.633 0.776
0.634 0.771
0.635 0.774
0.636 0.825
0.637 0.812
0.638 0.818
0.639 0.8
0.64 0.815
0.641 0.78
0.642 0.825
0.643 0.752
0.644 0.811
0.645 0.777
0.646 0.825
0.647 0.829
0.648 0.786
0.649 0.798
0.65 0.786
0.651 0.788
0.652 0.787
0.653 0.811
0.654 0.761
0.655 0.789
0.656 0.778
0.657 0.808
0.658 0.735
0.659 0.762
0.66 0.807
0.661 0.8
0.662 0.791
0.663 0.783
0.664 0.766
0.665 0.71
0.666 0.733
0.667 0.762
0.668 0.734
0.669 0.746
0.67 0.795
0.671 0.735
0.672 0.75
0.673 0.782
0.674 0.755
0.675 0.736
0.676 0.686
0.677 0.728
0.678 0.771
0.679 0.713
0.68 0.774
0.681 0.712
0.682 0.71
0.683 0.695
0.684 0.761
0.685 0.76
0.686 0.682
0.687 0.726
0.688 0.747
0.689 0.73
0.69 0.714
0.691 0.735
0.692 0.74
0.693 0.757
0.694 0.739
0.695 0.707
0.696 0.717
0.697 0.751
0.698 0.742
0.699 0.661
0.7 0.739
0.701 0.746
0.702 0.716
0.703 0.707
0.704 0.739
0.705 0.76
0.706 0.74
0.707 0.726
0.708 0.707
0.709 0.643
0.71 0.704
0.711 0.707
0.712 0.713
0.713 0.648
0.714 0.682
0.715 0.695
0.716 0.693
0.717 0.679
0.718 0.72
0.719 0.661
0.72 0.692
0.721 0.717
0.722 0.687
0.723 0.66
0.724 0.712
0.725 0.648
0.726 0.685
0.727 0.731
0.728 0.703
0.729 0.717
0.73 0.652
0.731 0.695
0.732 0.676
0.733 0.659
0.734 0.718
0.735 0.653
0.736 0.671
0.737 0.649
0.738 0.695
0.739 0.742
0.74 0.695
0.741 0.683
0.742 0.685
0.743 0.681
0.744 0.655
0.745 0.706
0.746 0.697
0.747 0.669
0.748 0.624
0.749 0.614
0.75 0.647
0.751 0.637
0.752 0.669
0.753 0.624
0.754 0.646
0.755 0.622
0.756 0.654
0.757 0.615
0.758 0.582
0.759 0.681
0.76 0.667
0.761 0.629
0.762 0.602
0.763 0.669
0.764 0.626
0.765 0.64
0.766 0.647
0.767 0.593
0.768 0.653
0.769 0.63
0.77 0.644
0.771 0.615
0.772 0.615
0.773 0.636
0.774 0.59
0.775 0.589
0.776 0.649
0.777 0.601
0.778 0.649
0.779 0.617
0.78 0.593
0.781 0.568
0.782 0.608
0.783 0.552
0.784 0.628
0.785 0.597
0.786 0.598
0.787 0.591
0.788 0.551
0.789 0.609
0.79 0.588
0.791 0.578
0.792 0.585
0.793 0.627
0.794 0.591
0.795 0.593
0.796 0.617
0.797 0.593
0.798 0.531
0.799 0.573
0.8 0.575
0.801 0.544
0.802 0.553
0.803 0.591
0.804 0.594
0.805 0.568
0.806 0.599
0.807 0.59
0.808 0.579
0.809 0.528
0.81 0.517
0.811 0.551
0.812 0.524
0.813 0.549
0.814 0.514
0.815 0.563
0.816 0.563
0.817 0.551
0.818 0.558
0.819 0.546
0.82 0.538
0.821 0.542
0.822 0.584
0.823 0.565
0.824 0.522
0.825 0.483
0.826 0.547
0.827 0.512
0.828 0.502
0.829 0.56
0.83 0.526
0.831 0.545
0.832 0.547
0.833 0.527
0.834 0.526
0.835 0.495
0.836 0.55
0.837 0.512
0.838 0.497
0.839 0.553
0.84 0.481
0.841 0.524
0.842 0.48
0.843 0.505
0.844 0.503
0.845 0.484
0.846 0.484
0.847 0.463
0.848 0.48
0.849 0.488
0.85 0.503
0.851 0.496
0.852 0.489
0.853 0.483
0.854 0.497
0.855 0.474
0.856 0.483
0.857 0.494
0.858 0.503
0.859 0.432
0.86 0.499
0.861 0.476
0.862 0.498
0.863 0.49
0.864 0.478
0.865 0.463
0.866 0.476
0.867 0.446
0.868 0.452
0.869 0.429
0.87 0.445
0.871 0.483
0.872 0.454
0.873 0.454
0.874 0.458
0.875 0.447
0.876 0.463
0.877 0.427
0.878 0.402
0.879 0.431
0.88 0.436
0.881 0.425
0.882 0.428
0.883 0.433
0.884 0.425
0.885 0.445
0.886 0.439
0.887 0.435
0.888 0.38
0.889 0.417
0.89 0.417
0.891 0.43
0.892 0.401
0.893 0.412
0.894 0.413
0.895 0.424
0.896 0.394
0.897 0.414
0.898 0.385
0.899 0.394
0.9 0.412
0.901 0.386
0.902 0.393
0.903 0.398
0.904 0.355
0.905 0.362
0.906 0.377
0.907 0.37
0.908 0.396
0.909 0.372
0.91 0.344
0.911 0.354
0.912 0.353
0.913 0.395
0.914 0.361
0.915 0.36
0.916 0.347
0.917 0.343
0.918 0.346
0.919 0.334
0.92 0.356
0.921 0.322
0.922 0.356
0.923 0.366
0.924 0.34
0.925 0.282
0.926 0.373
0.927 0.308
0.928 0.319
0.929 0.303
0.93 0.319
0.931 0.306
0.932 0.341
0.933 0.325
0.934 0.28
0.935 0.314
0.936 0.316
0.937 0.327
0.938 0.308
0.939 0.327
0.94 0.27
0.941 0.314
0.942 0.302
0.943 0.297
0.944 0.281
0.945 0.28
0.946 0.243
0.947 0.263
0.948 0.269
0.949 0.255
0.95 0.249
0.951 0.254
0.952 0.239
0.953 0.258
0.954 0.254
0.955 0.242
0.956 0.254
0.957 0.252
0.958 0.23
0.959 0.217
0.96 0.251
0.961 0.203
0.962 0.249
0.963 0.213
0.964 0.203
0.965 0.193
0.966 0.204
0.967 0.204
0.968 0.195
0.969 0.205
0.97 0.176
0.971 0.157
0.972 0.177
0.973 0.199
0.974 0.163
0.975 0.185
0.976 0.187
0.977 0.164
0.978 0.171
0.979 0.175
0.98 0.169
0.981 0.147
0.982 0.147
0.983 0.166
0.984 0.133
0.985 0.141
0.986 0.135
0.987 0.124
0.988 0.133
0.989 0.119
0.99 0.129
0.991 0.118
0.992 0.107
0.993 0.117
0.994 0.104
0.995 0.098
0.996 0.094
0.997 0.089
0.998 0.096
0.999 0.072
1 0
