0 1.133
0.001 1.13
0.002 1.098
0.003 1.127
0.004 1.135
0.005 1.156
0.006 1.13
0.007 1.136
0.008 1.103
0.009 1.149
0.01 1.131
0.011 1.076
0.012 1.144
0.013 1.136
0.014 1.088
0.015 1.173
0.016 1.123
0.017 1.099
0.018 1.169
0.019 1.156
0.02 1.221
0.021 1.1
0.022 1.166
0.023 1.119
0.024 1.152
0.025 1.073
0.026 1.177
0.027 1.138
0.028 1.199
0.029 1.151
0.03 1.111
0.031 1.127
0.032 1.11
0.033 1.112
0.034 1.13
0.035 1.131
0.036 1.18
0.037 1.127
0.038 1.148
0.039 1.14
0.04 1.127
0.041 1.141
0.042 1.15
0.043 1.069
0.044 1.149
0.045 1.199
0.046 1.175
0.047 1.112
0.048 1.068
0.049 1.127
0.05 1.162
0.051 1.084
0.052 1.078
0.053 1.142
0.054 1.187
0.055 1.149
0.056 1.125
0.057 1.12
0.058 1.172
0.059 1.111
0.06 1.193
0.061 1.099
0.062 1.112
0.063 1.154
0.064 1.173
0.065 1.158
0.066 1.146
0.067 1.111
0.068 1.115
0.069 1.093
0.07 1.12
0.071 1.091
0.072 1.145
0.073 1.132
0.074 1.091
0.075 1.119
0.076 1.171
0.077 1.145
0.078 1.173
0.079 1.087
0.08 1.145
0.081 1.118
0.082 1.103
0.083 1.165
0.084 1.17
0.085 1.132
0.086 1.158
0.087 1.133
0.088 1.169
0.089 1.124
0.09 1.146
0.091 1.166
0.092 1.128
0.093 1.124
0.094 1.116
0.095 1.125
0.096 1.098
0.097 1.159
0.098 1.099
0.099 1.166
0.1 1.112
0.101 1.16
0.102 1.13
0.103 1.09
0.104 1.117
0.105 1.15
0.106 1.148
0.107 1.102
0.108 1.109
0.109 1.116
0.11 1.064
0.111 1.056
0.112 1.133
0.113 1.201
0.114 1.106
0.115 1.17
0.116 1.109
0.117 1.101
0.118 1.146
0.119 1.098
0.12 1.137
0.121 1.061
0.122 1.074
0.123 1.092
0.124 1.191
0.125 1.119
0.126 1.143
0.127 1.071
0.128 1.065
0.129 1.122
0.13 1.061
0.131 1.092
0.132 1.104
0.133 1.086
0.134 1.081
0.135 1.1
0.136 1.127
0.137 1.067
0.138 1.106
0.139 1.089
0.14 1.076
0.141 1.112
0.142 1.09
0.143 1.139
0.144 1.115
0.145 1.135
0.146 1.111
0.147 1.144
0.148 1.099
0.149 1.142
0.15 1.079
0.151 1.037
0.152 1.124
0.153 1.057
0.154 1.084
0.155 1.085
0.156 1.091
0.157 1.089
0.158 1.041
0.159 1.091
0.16 1.098
0.161 1.109
0.162 1.054
0.163 1.088
0.164 1.118
0.165 1.073
0.166 1.054
0.167 1.163
0.168 1.054
0.169 1.08
0.17 1.114
0.171 1.135
0.172 1.063
0.173 1.083
0.174 1.068
0.175 1.098
0.176 1.103
0.177 1.09
0.178 1.152
0.179 1.085
0.18 1.1
0.181 1.168
0.182 1.112
0.183 1.089
0.184 1.131
0.185 1.028
0.186 1.114
0.187 1.088
0.188 1.108
0.189 1.081
0.19 1.079
0.191 1.075
0.192 1.093
0.193 1.101
0.194 1.111
0.195 1.048
0.196 1.066
0.197 1.048
0.198 1.157
0.199 1.079
0.2 1.12
0.201 1.069
0.202 1.116
0.203 1.067
0.204 1.081
0.205 1.132
0.206 1.095
0.207 1.056
0.208 1.09
0.209 1.026
0.21 1.111
0.211 1.109
0.212 1.057
0.213 1.118
0.214 1.085
0.215 1.06
0.216 1.059
0.217 1.114
0.218 1.125
0.219 1.057
0.22 1.076
0.221 1.079
0.222 1.112
0.223 1.059
0.224 1.088
0.225 1.082
0.226 1.082
0.227 1.128
0.228 1.049
0.229 1.091
0.23 1.07
0.231 1.055
0.232 1.069
0.233 1.09
0.234 1.04
0.235 1.094
0.236 1.087
0.237 1.058
0.238 1.073
0.239 1.105
0.24 1.125
0.241 1.093
0.242 1.07
0.243 1.069
0.244 1.079
0.245 1.038
0.246 1.035
0.247 1.08
0.248 1.098
0.249 1.088
0.25 1.116
0.251 1.095
0.252 1.038
0.253 1.068
0.254 1.132
0.255 1.077
0.256 1.08
0.257 1.116
0.258 1.022
0.259 1.037
0.26 1.031
0.261 1.085
0.262 1.067
0.263 1.049
0.264 1.076
0.265 1.049
0.266 1.067
0.267 1.087
0.268 1.072
0.269 1.051
0.27 1.086
0.271 1.068
0.272 1.019
0.273 1.102
0.274 1.065
0.275 1.079
0.276 1.077
0.277 1.082
0.278 1.086
0.279 1.1
0.28 1.113
0.281 1.114
0.282 1.056
0.283 1.024
0.284 1.021
0.285 1.076
0.286 1.058
0.287 1.059
0.288 1.054
0.289 1.087
0.29 1.018
0.291 1.069
0.292 1.036
0.293 0.986
0.294 1.04
0.295 1.059
0.296 1.116
0.297 1.006
0.298 1.043
0.299 1.014
0.3 1.081
0.301 1.058
0.302 1.069
0.303 1.01
0.304 1.093
0.305 1.017
0.306 1.028
0.307 1.093
0.308 1.053
0.309 1.06
0.31 1.01
0.311 1.015
0.312 1.043
0.313 1.033
0.314 1.086
0.315 1.038
0.316 1.062
0.317 0.997
0.318 1.026
0.319 1.08
0.32 1.04
0.321 1
0.322 1.045
0.323 1.047
0.324 1.045
0.325 1.068
0.326 1.039
0.327 1.091
0.328 0.967
0.329 0.999
0.33 1.023
0.331 0.978
0.332 1.069
0.333 1.011
0.334 1.074
0.335 1.064
0.336 1.05
0.337 1.033
0.338 1.048
0.339 1.015
0.34 1.07
0.341 1.048
0.342 0.972
0.343 1.03
0.344 0.997
0.345 1.048
0.346 1.045
0.347 1.033
0.348 0.982
0.349 1.018
0.35 1.083
0.351 0.971
0.352 1.066
0.353 1.019
0.354 1.025
0.355 1.015
0.356 1.011
0.357 1.017
0.358 1.034
0.359 0.974
0.36 0.991
0.361 1.042
0.362 1.013
0.363 1.011
0.364 1.079
0.365 1.032
0.366 1.031
0.367 0.958
0.368 1.083
0.369 1.004
0.37 1.066
0.371 1.025
0.372 1.008
0.373 1.036
0.374 1.036
0.375 1.011
0.376 1.027
0.377 0.988
0.378 1.088
0.379 1.031
0.38 0.995
0.381 1.036
0.382 0.997
0.383 0.983
0.384 1.02
0.385 1.037
0.386 1.043
0.387 1.01
0.388 1.058
0.389 1.014
0.39 1.053
0.391 1.035
0.392 0.997
0.393 1.024
0.394 1.006
0.395 0.989
0.396 0.927
0.397 0.978
0.398 1.005
0.399 1.037
0.4 0.916
0.401 1.03
0.402 1.001
0.403 1.033
0.404 0.971
0.405 0.994
0.406 0.984
0.407 1.013
0.408 0.969
0.409 1.032
0.41 1.014
0.411 1.009
0.412 0.983
0.413 0.995
0.414 0.994
0.415 1.005
0.416 1.038
0.417 0.963
0.418 0.922
0.419 1.007
0.42 1
0.421 0.944
0.422 0.975
0.423 1.028
0.424 0.986
0.425 0.989
0.426 1.062
0.427 1.038
0.428 0.997
0.429 0.977
0.43 0.943
0.431 1.003
0.432 1.012
0.433 1.014
0.434 0.987
0.435 0.99
0.436 1.038
0.437 0.948
0.438 0.995
0.439 0.946
0.44 0.966
0.441 0.998
0.442 0.988
0.443 0.984
0.444 1.074
0.445 0.997
0.446 0.948
0.447 0.967
0.448 1.007
0.449 0.993
0.45 1.009
0.451 0.976
0.452 1.004
0.453 0.997
0.454 0.992
0.455 0.941
0.456 0.96
0.457 0.962
0.458 1.008
0.459 1.016
0.46 0.994
0.461 0.977
0.462 0.962
0.463 0.94
0.464 0.959
0.465 0.969
0.466 0.988
0.467 0.973
0.468 0.943
0.469 0.973
0.47 0.966
0.471 0.983
0.472 1.006
0.473 0.925
0.474 0.981
0.475 0.946
0.476 0.966
0.477 0.963
0.478 1.016
0.479 0.946
0.48 0.986
0.481 0.982
0.482 0.987
0.483 0.977
0.484 0.993
0.485 0.977
0.486 0.957
0.487 0.995
0.488 1.026
0.489 0.964
0.49 0.953
0.491 1.026
0.492 1.009
0.493 1
0.494 1.011
0.495 0.948
0.496 0.97
0.497 0.968
0.498 0.995
0.499 0.993
0.5 0.939
0.501 0.997
0.502 0.935
0.503 0.952
0.504 0.984
0.505 0.953
0.506 0.946
0.507 0.944
0.508 0.947
0.509 0.945
0.51 0.986
0.511 0.927
0.512 0.932
0.513 0.951
0.514 0.959
0.515 0.996
0.516 1
0.517 0.936
0.518 0.969
0.519 0.922
0.52 0.945
0.521 0.95
0.522 0.958
0.523 0.94
0.524 0.965
0.525 0.931
0.526 0.991
0.527 0.991
0.528 0.904
0.529 0.983
0.53 0.91
0.531 0.92
0.532 0.944
0.533 0.924
0.534 0.968
0.535 0.921
0.536 1.01
0.537 0.939
0.538 1.016
0.539 0.98
0.54 0.889
0.541 0.93
0.542 0.959
0.543 0.896
0.544 0.971
0.545 0.95
0.546 0.954
0.547 0.919
0.548 0.922
0.549 0.921
0.55 0.948
0.551 0.935
0.552 0.919
0.553 0.914
0.554 0.987
0.555 0.938
0.556 0.946
0.557 0.936
0.558 0.954
0.559 0.898
0.56 0.934
0.561 0.913
0.562 0.981
0.563 0.923
0.564 0.935
0.565 0.95
0.566 0.949
0.567 0.932
0.568 0.896
0.569 0.914
0.57 0.942
0.571 0.912
0.572 0.901
0.573 0.873
0.574 0.864
0.575 0.918
0.576 0.904
0.577 0.924
0.578 0.908
0.579 0.916
0.58 0.878
0.581 0.936
0.582 0.918
0.583 0.926
0.584 0.871
0.585 0.911
0.586 0.924
0.587 0.887
0.588 0.935
0.589 0.908
0.59 0.91
0.591 0.866
0.592 0.894
0.593 0.889
0.594 0.866
0.595 0.893
0.596 0.868
0.597 0.9
0.598 0.868
0.599 0.912
0.6 0.878
0.601 0.883
0.602 0.849
0.603 0.874
0.604 0.901
0.605 0.881
0.606 0.886
0.607 0.911
0.608 0.846
0.609 0.836
0.61 0.883
0.611 0.881
0.612 0.898
0.613 0.879
0.614 0.868
0.615 0.857
0.616 0.934
0.617 0.872
0.618 0.915
0.619 0.929
0.62 0.909
0.621 0.872
0.622 0.863
0.623 0.89
0.624 0.886
0.625 0.861
0.626 0.933
0.627 0.874
0.628 0.931
0.629 0.89
0.63 0.897
0.631 0.826
0.632 0.861
0.633 0.91
0.634 0.884
0.635 0.831
0.636 0.909
0.637 0.875
0.638 0.857
0.639 0.879
0.64 0.811
0.641 0.905
0.642 0.837
0.643 0.81
0.644 0.826
0.645 0.89
0.646 0.925
0.647 0.898
0.648 0.863
0.649 0.881
0.65 0.841
0.651 0.857
0.652 0.882
0.653 0.835
0.654 0.927
0.655 0.86
0.656 0.845
0.657 0.847
0.658 0.864
0.659 0.806
0.66 0.86
0.661 0.864
0.662 0.83
0.663 0.857
0.664 0.876
0.665 0.871
0.666 0.845
0.667 0.841
0.668 0.855
0.669 0.89
0.67 0.855
0.671 0.844
0.672 0.881
0.673 0.853
0.674 0.891
0.675 0.815
0.676 0.824
0.677 0.845
0.678 0.881
0.679 0.825
0.68 0.81
0.681 0.832
0.682 0.879
0.683 0.856
0.684 0.82
0.685 0.802
0.686 0.88
0.687 0.827
0.688 0.833
0.689 0.807
0.69 0.809
0.691 0.812
0.692 0.821
0.693 0.838
0.694 0.817
0.695 0.834
0.696 0.83
0.697 0.809
0.698 0.741
0.699 0.782
0.7 0.834
0.701 0.824
0.702 0.788
0.703 0.827
0.704 0.812
0.705 0.838
0.706 0.835
0.707 0.835
0.708 0.81
0.709 0.863
0.71 0.816
0.711 0.793
0.712 0.767
0.713 0.791
0.714 0.821
0.715 0.806
0.716 0.83
0.717 0.788
0.718 0.789
0.719 0.847
0.72 0.835
0.721 0.805
0.722 0.797
0.723 0.793
0.724 0.86
0.725 0.81
0.726 0.801
0.727 0.839
0.728 0.814
0.729 0.783
0.73 0.784
0.731 0.793
0.732 0.84
0.733 0.767
0.734 0.809
0.735 0.81
0.736 0.845
0.737 0.743
0.738 0.822
0.739 0.771
0.74 0.754
0.741 0.798
0.742 0.777
0.743 0.749
0.744 0.804
0.745 0.778
0.746 0.774
0.747 0.78
0.748 0.741
0.749 0.785
0.75 0.727
0.751 0.768
0.752 0.8
0.753 0.782
0.754 0.778
0.755 0.695
0.756 0.794
0.757 0.76
0.758 0.745
0.759 0.778
0.76 0.781
0.761 0.787
0.762 0.769
0.763 0.725
0.764 0.799
0.765 0.73
0.766 0.784
0.767 0.769
0.768 0.738
0.769 0.763
0.77 0.717
0.771 0.691
0.772 0.78
0.773 0.727
0.774 0.757
0.775 0.709
0.776 0.764
0.777 0.735
0.778 0.727
0.779 0.744
0.78 0.668
0.781 0.727
0.782 0.776
0.783 0.756
0.784 0.795
0.785 0.726
0.786 0.755
0.787 0.7
0.788 0.716
0.789 0.714
0.79 0.711
0.791 0.688
0.792 0.704
0.793 0.748
0.794 0.709
0.795 0.7
0.796 0.648
0.797 0.738
0.798 0.669
0.799 0.711
0.8 0.748
0.801 0.716
0.802 0.695
0.803 0.74
0.804 0.701
0.805 0.759
0.806 0.722
0.807 0.707
0.808 0.727
0.809 0.708
0.81 0.703
0.811 0.711
0.812 0.691
0.813 0.718
0.814 0.695
0.815 0.682
0.816 0.688
0.817 0.699
0.818 0.698
0.819 0.672
0.82 0.635
0.821 0.694
0.822 0.713
0.823 0.711
0.824 0.643
0.825 0.708
0.826 0.679
0.827 0.679
0.828 0.659
0.829 0.699
0.83 0.683
0.831 0.662
0.832 0.701
0.833 0.632
0.834 0.674
0.835 0.659
0.836 0.662
0.837 0.662
0.838 0.661
0.839 0.638
0.84 0.703
0.841 0.659
0.842 0.597
0.843 0.675
0.844 0.679
0.845 0.636
0.846 0.644
0.847 0.632
0.848 0.684
0.849 0.667
0.85 0.67
0.851 0.64
0.852 0.644
0.853 0.666
0.854 0.661
0.855 0.682
0.856 0.595
0.857 0.681
0.858 0.608
0.859 0.611
0.86 0.635
0.861 0.645
0.862 0.606
0.863 0.663
0.864 0.653
0.865 0.581
0.866 0.644
0.867 0.6
0.868 0.615
0.869 0.633
0.87 0.62
0.871 0.594
0.872 0.644
0.873 0.688
0.874 0.611
0.875 0.578
0.876 0.594
0.877 0.573
0.878 0.595
0.879 0.613
0.88 0.556
0.881 0.606
0.882 0.581
0.883 0.568
0.884 0.58
0.885 0.567
0.886 0.594
0.887 0.546
0.888 0.562
0.889 0.61
0.89 0.541
0.891 0.564
0.892 0.561
0.893 0.558
0.894 0.562
0.895 0.563
0.896 0.591
0.897 0.553
0.898 0.577
0.899 0.498
0.9 0.508
0.901 0.554
0.902 0.587
0.903 0.554
0.904 0.522
0.905 0.545
0.906 0.537
0.907 0.603
0.908 0.537
0.909 0.532
0.91 0.487
0.911 0.558
0.912 0.505
0.913 0.551
0.914 0.53
0.915 0.488
0.916 0.572
0.917 0.537
0.918 0.516
0.919 0.513
0.92 0.5
0.921 0.499
0.922 0.532
0.923 0.5
0.924 0.522
0.925 0.473
0.926 0.488
0.927 0.484
0.928 0.519
0.929 0.547
0.93 0.471
0.931 0.486
0.932 0.486
0.933 0.493
0.934 0.438
0.935 0.447
0.936 0.513
0.937 0.489
0.938 0.485
0.939 0.452
0.94 0.464
0.941 0.383
0.942 0.398
0.943 0.462
0.944 0.474
0.945 0.432
0.946 0.448
0.947 0.435
0.948 0.415
0.949 0.44
0.95 0.426
0.951 0.4
0.952 0.408
0.953 0.403
0.954 0.432
0.955 0.405
0.956 0.423
0.957 0.436
0.958 0.347
0.959 0.37
0.96 0.433
0.961 0.376
0.962 0.377
0.963 0.362
0.964 0.417
0.965 0.352
0.966 0.385
0.967 0.361
0.968 0.328
0.969 0.36
0.97 0.335
0.971 0.344
0.972 0.307
0.973 0.309
0.974 0.344
0.975 0.307
0.976 0.35
0.977 0.32
0.978 0.281
0.979 0.314
0.98 0.299
0.981 0.301
0.982 0.263
0.983 0.291
0.984 0.276
0.985 0.266
0.986 0.281
0.987 0.243
0.988 0.224
0.989 0.233
0.99 0.241
0.991 0.208
0.992 0.23
0.993 0.241
0.994 0.176
0.995 0.204
0.996 0.202
0.997 0.171
0.998 0.181
0.999 0.214
1 0
