0 0.903
0.001 0.971
0.002 0.925
0.003 0.935
0.004 0.929
0.005 0.976
0.006 0.971
0.007 1.009
0.008 0.945
0.009 0.968
0.01 0.907
0.011 0.932
0.012 0.953
0.013 0.922
0.014 0.947
0.015 0.924
0.016 0.881
0.017 0.97
0.018 0.913
0.019 0.942
0.02 0.905
0.021 0.958
0.022 0.904
0.023 0.921
0.024 0.962
0.025 0.92
0.026 0.964
0.027 0.94
0.028 0.907
0.029 0.942
0.03 0.919
0.031 0.995
0.032 0.94
0.033 0.916
0.034 0.98
0.035 0.949
0.036 0.924
0.037 0.938
0.038 0.933
0.039 0.934
0.04 0.906
0.041 0.912
0.042 0.922
0.043 0.899
0.044 0.996
0.045 0.986
0.046 0.934
0.047 0.945
0.048 0.942
0.049 0.922
0.05 0.927
0.051 0.922
0.052 0.94
0.053 0.936
0.054 0.976
0.055 0.901
0.056 0.951
0.057 0.907
0.058 0.914
0.059 1.011
0.06 0.973
0.061 0.971
0.062 1.001
0.063 0.915
0.064 0.982
0.065 0.972
0.066 0.98
0.067 0.951
0.068 0.913
0.069 0.947
0.07 0.992
0.071 0.932
0.072 0.894
0.073 0.932
0.074 0.941
0.075 0.925
0.076 0.92
0.077 0.91
0.078 0.943
0.079 0.921
0.08 0.953
0.081 0.913
0.082 0.906
0.083 0.948
0.084 0.896
0.085 0.999
0.086 0.985
0.087 0.97
0.088 0.925
0.089 0.918
0.09 0.971
0.091 0.902
0.092 0.96
0.093 0.928
0.094 0.916
0.095 0.929
0.096 0.933
0.097 1.023
0.098 0.937
0.099 0.913
0.1 0.971
0.101 0.924
0.102 0.998
0.103 0.957
0.104 0.892
0.105 0.93
0.106 0.938
0.107 0.938
0.108 0.956
0.109 0.912
0.11 0.987
0.111 0.949
0.112 0.936
0.113 0.927
0.114 0.984
0.115 0.895
0.116 0.952
0.117 0.988
0.118 0.905
0.119 0.959
0.12 0.969
0.121 0.982
0.122 0.985
0.123 0.943
0.124 0.921
0.125 0.976
0.126 0.945
0.127 0.965
0.128 0.989
0.129 0.933
0.13 0.938
0.131 0.921
0.132 0.869
0.133 0.93
0.134 0.942
0.135 0.977
0.136 0.946
0.137 0.953
0.138 0.947
0.139 0.94
0.14 0.893
0.141 0.924
0.142 0.928
0.143 0.994
0.144 0.951
0.145 0.939
0.146 0.932
0.147 1.004
0.148 0.978
0.149 0.967
0.15 0.929
0.151 0.972
0.152 1.012
0.153 0.928
0.154 0.995
0.155 0.925
0.156 0.965
0.157 0.94
0.158 0.964
0.159 0.906
0.16 0.912
0.161 0.953
0.162 0.936
0.163 0.965
0.164 0.92
0.165 0.924
0.166 0.952
0.167 0.96
0.168 0.957
0.169 0.915
0.17 0.893
0.171 0.936
0.172 0.974
0.173 0.935
0.174 0.941
0.175 0.994
0.176 0.962
0.177 0.979
0.178 0.95
0.179 0.941
0.18 0.934
0.181 0.924
0.182 0.981
0.183 0.959
0.184 0.935
0.185 0.918
0.186 0.898
0.187 0.942
0.188 0.961
0.189 0.896
0.19 0.923
0.191 1.017
0.192 0.926
0.193 0.958
0.194 0.954
0.195 0.988
0.196 0.99
0.197 0.946
0.198 0.927
0.199 0.96
0.2 0.904
0.201 0.976
0.202 0.922
0.203 0.98
0.204 0.889
0.205 1.008
0.206 0.993
0.207 0.917
0.208 0.9
0.209 0.923
0.21 0.952
0.211 0.904
0.212 0.941
0.213 0.965
0.214 0.936
0.215 1.019
0.216 0.977
0.217 0.968
0.218 0.923
0.219 0.955
0.22 0.935
0.221 0.946
0.222 0.962
0.223 0.963
0.224 0.952
0.225 0.977
0.226 0.934
0.227 0.899
0.228 0.898
0.229 0.933
0.23 0.927
0.231 0.971
0.232 0.908
0.233 0.944
0.234 0.908
0.235 0.922
0.236 0.957
0.237 0.964
0.238 0.944
0.239 1.012
0.24 0.913
0.241 0.932
0.242 0.985
0.243 0.979
0.244 0.925
0.245 0.961
0.246 0.966
0.247 0.985
0.248 0.919
0.249 0.955
0.25 0.947
0.251 0.939
0.252 0.916
0.253 0.947
0.254 0.919
0.255 0.961
0.256 0.924
0.257 0.918
0.258 0.998
0.259 0.942
0.26 0.907
0.261 0.912
0.262 0.96
0.263 0.904
0.264 0.991
0.265 0.986
0.266 0.927
0.267 0.969
0.268 0.948
0.269 0.924
0.27 0.926
0.271 0.91
0.272 0.956
0.273 1.006
0.274 0.966
0.275 0.921
0.276 0.89
0.277 0.942
0.278 0.944
0.279 0.938
0.28 0.966
0.281 0.973
0.282 0.98
0.283 0.977
0.284 0.957
0.285 0.974
0.286 0.933
0.287 0.965
0.288 0.975
0.289 0.933
0.29 0.987
0.291 0.953
0.292 0.98
0.293 0.97
0.294 0.953
0.295 0.965
0.296 0.938
0.297 0.969
0.298 0.966
0.299 0.959
0.3 0.973
0.301 0.946
0.302 0.912
0.303 0.933
0.304 1.002
0.305 0.966
0.306 0.965
0.307 0.995
0.308 0.901
0.309 0.94
0.31 1.009
0.311 0.966
0.312 0.965
0.313 0.942
0.314 1.005
0.315 0.949
0.316 0.951
0.317 0.966
0.318 0.957
0.319 0.921
0.32 1.05
0.321 0.886
0.322 0.895
0.323 0.995
0.324 0.963
0.325 0.957
0.326 0.94
0.327 0.992
0.328 0.952
0.329 0.98
0.33 0.968
0.331 0.969
0.332 0.964
0.333 0.967
0.334 0.994
0.335 0.992
0.336 0.932
0.337 0.966
0.338 0.939
0.339 1.01
0.34 0.937
0.341 1
0.342 0.978
0.343 1.01
0.344 0.931
0.345 0.95
0.346 0.99
0.347 0.967
0.348 1.003
0.349 0.981
0.35 0.989
0.351 0.871
0.352 0.971
0.353 0.95
0.354 0.963
0.355 0.989
0.356 0.888
0.357 0.958
0.358 0.968
0.359 0.967
0.36 0.993
0.361 0.975
0.362 0.971
0.363 0.941
0.364 0.997
0.365 0.935
0.366 0.988
0.367 0.967
0.368 0.979
0.369 0.942
0.37 0.979
0.371 0.978
0.372 0.948
0.373 1.014
0.374 0.946
0.375 0.951
0.376 0.945
0.377 0.997
0.378 0.906
0.379 0.946
0.38 0.981
0.381 0.992
0.382 0.931
0.383 0.992
0.384 1.004
0.385 0.975
0.386 0.98
0.387 0.989
0.388 0.966
0.389 0.909
0.39 0.973
0.391 0.945
0.392 0.939
0.393 0.983
0.394 0.956
0.395 0.958
0.396 0.882
0.397 0.978
0.398 0.974
0.399 0.968
0.4 0.996
0.401 0.927
0.402 0.974
0.403 0.942
0.404 0.932
0.405 1.007
0.406 0.989
0.407 0.948
0.408 0.983
0.409 0.987
0.41 0.957
0.411 0.969
0.412 1.007
0.413 0.932
0.414 0.975
0.415 0.925
0.416 0.925
0.417 0.981
0.418 0.971
0.419 1.001
0.42 0.951
0.421 0.976
0.422 0.955
0.423 0.996
0.424 0.972
0.425 0.983
0.426 0.966
0.427 0.97
0.428 0.912
0.429 0.941
0.43 1.002
0.431 0.975
0.432 1.034
0.433 0.959
0.434 0.999
0.435 0.957
0.436 0.932
0.437 0.95
0.438 0.98
0.439 0.983
0.44 0.916
0.441 0.936
0.442 0.998
0.443 0.981
0.444 0.949
0.445 0.986
0.446 0.965
0.447 0.97
0.448 0.993
0.449 0.999
0.45 0.968
0.451 0.935
0.452 1.032
0.453 0.946
0.454 0.965
0.455 0.995
0.456 0.95
0.457 0.964
0.458 0.921
0.459 0.96
0.46 0.998
0.461 0.947
0.462 0.952
0.463 0.977
0.464 0.967
0.465 0.966
0.466 0.99
0.467 0.945
0.468 0.98
0.469 0.949
0.47 0.985
0.471 0.911
0.472 1
0.473 0.957
0.474 0.973
0.475 1
0.476 0.969
0.477 0.934
0.478 0.947
0.479 1.007
0.48 0.961
0.481 0.98
0.482 1.003
0.483 0.98
0.484 0.975
0.485 1.038
0.486 0.996
0.487 0.985
0.488 1.003
0.489 0.992
0.49 0.972
0.491 0.978
0.492 0.971
0.493 1.013
0.494 0.983
0.495 0.958
0.496 0.994
0.497 0.965
0.498 0.981
0.499 1.016
0.5 1.006
0.501 1.015
0.502 0.972
0.503 0.965
0.504 0.976
0.505 0.894
0.506 0.942
0.507 1.014
0.508 0.969
0.509 1.02
0.51 0.937
0.511 1.015
0.512 1.011
0.513 1.016
0.514 0.989
0.515 0.954
0.516 0.981
0.517 1.037
0.518 1.032
0.519 1.022
0.52 0.988
0.521 0.973
0.522 0.985
0.523 0.948
0.524 0.999
0.525 0.989
0.526 0.968
0.527 0.94
0.528 1.023
0.529 1.007
0.53 0.966
0.531 1.004
0.532 0.974
0.533 0.971
0.534 1.001
0.535 0.99
0.536 1.025
0.537 0.999
0.538 0.94
0.539 0.965
0.54 0.98
0.541 1.006
0.542 1.015
0.543 1.001
0.544 0.989
0.545 0.955
0.546 0.929
0.547 0.955
0.548 1.007
0.549 0.998
0.55 1.014
0.551 0.99
0.552 1.044
0.553 0.966
0.554 1.036
0.555 0.997
0.556 1.042
0.557 1.01
0.558 0.983
0.559 1.026
0.56 1.002
0.561 1.02
0.562 1.031
0.563 0.976
0.564 1.031
0.565 0.975
0.566 1.039
0.567 0.999
0.568 0.995
0.569 1.072
0.57 1.009
0.571 1.032
0.572 0.964
0.573 0.975
0.574 0.982
0.575 1.069
0.576 0.973
0.577 1.011
0.578 1.03
0.579 1.009
0.58 1.022
0.581 0.952
0.582 0.974
0.583 0.989
0.584 1.012
0.585 1.018
0.586 1.032
0.587 1.013
0.588 0.997
0.589 1.029
0.59 0.996
0.591 1.015
0.592 1.063
0.593 0.99
0.594 0.95
0.595 1.062
0.596 1.011
0.597 0.975
0.598 0.973
0.599 1.049
0.6 1.006
0.601 1.034
0.602 1.02
0.603 1.056
0.604 1.048
0.605 0.977
0.606 1.039
0.607 1.015
0.608 1.022
0.609 1.069
0.61 1.039
0.611 1.013
0.612 1.056
0.613 1.033
0.614 1.017
0.615 0.991
0.616 1.022
0.617 1.015
0.618 1.021
0.619 0.996
0.62 1.046
0.621 0.991
0.622 1.03
0.623 1.06
0.624 1.056
0.625 1.025
0.626 1.089
0.627 1.041
0.628 0.988
0.629 1.013
0.63 0.99
0.631 1.004
0.632 1.105
0.633 1.016
0.634 0.976
0.635 1.029
0.636 1.017
0.637 1.022
0.638 0.98
0.639 1.027
0.64 1.028
0.641 1.021
0.642 1.032
0.643 1.063
0.644 1.009
0.645 1.061
0.646 1.096
0.647 0.997
0.648 1.035
0.649 0.961
0.65 1.102
0.651 0.972
0.652 1.033
0.653 1.031
0.654 0.994
0.655 1.059
0.656 1.089
0.657 1.06
0.658 1.058
0.659 1.051
0.66 1.05
0.661 1.105
0.662 1.048
0.663 1.015
0.664 1.024
0.665 1.021
0.666 1.019
0.667 1.019
0.668 1.129
0.669 1.071
0.67 1.066
0.671 1.027
0.672 1.042
0.673 1.036
0.674 1.087
0.675 1.048
0.676 1.022
0.677 1.059
0.678 1.083
0.679 1.062
0.68 1.08
0.681 1.1
0.682 1.06
0.683 1.056
0.684 1.055
0.685 1.148
0.686 1.047
0.687 1.088
0.688 1.107
0.689 1.117
0.69 1.085
0.691 1.066
0.692 1.054
0.693 1.116
0.694 1.088
0.695 1.098
0.696 1.113
0.697 1.1
0.698 1.058
0.699 1.066
0.7 1.099
0.701 1.075
0.702 1.136
0.703 1.055
0.704 1.05
0.705 1.051
0.706 1.083
0.707 1.081
0.708 1.055
0.709 1.105
0.71 1.085
0.711 1.052
0.712 1.152
0.713 1.098
0.714 1.11
0.715 1.129
0.716 1.08
0.717 1.126
0.718 1.124
0.719 1.166
0.72 1.141
0.721 1.032
0.722 1.08
0.723 1.108
0.724 1.024
0.725 1.086
0.726 1.059
0.727 1.078
0.728 1.101
0.729 1.078
0.73 1.097
0.731 1.155
0.732 1.136
0.733 1.071
0.734 1.088
0.735 1.094
0.736 1.168
0.737 1.036
0.738 1.115
0.739 1.136
0.74 1.104
0.741 1.08
0.742 1.159
0.743 1.078
0.744 1.11
0.745 1.136
0.746 1.123
0.747 1.1
0.748 1.122
0.749 1.142
0.75 1.117
0.751 1.109
0.752 1.124
0.753 1.11
0.754 1.143
0.755 1.139
0.756 1.149
0.757 1.124
0.758 1.101
0.759 1.098
0.76 1.113
0.761 1.163
0.762 1.071
0.763 1.079
0.764 1.183
0.765 1.144
0.766 1.134
0.767 1.156
0.768 1.15
0.769 1.106
0.77 1.098
0.771 1.142
0.772 1.15
0.773 1.072
0.774 1.115
0.775 1.18
0.776 1.135
0.777 1.135
0.778 1.143
0.779 1.144
0.78 1.184
0.781 1.13
0.782 1.095
0.783 1.174
0.784 1.166
0.785 1.155
0.786 1.144
0.787 1.188
0.788 1.221
0.789 1.177
0.79 1.137
0.791 1.145
0.792 1.167
0.793 1.142
0.794 1.175
0.795 1.184
0.796 1.178
0.797 1.181
0.798 1.206
0.799 1.219
0.8 1.169
0.801 1.195
0.802 1.205
0.803 1.244
0.804 1.198
0.805 1.125
0.806 1.186
0.807 1.194
0.808 1.181
0.809 1.184
0.81 1.166
0.811 1.122
0.812 1.172
0.813 1.272
0.814 1.27
0.815 1.233
0.816 1.2
0.817 1.206
0.818 1.186
0.819 1.212
0.82 1.208
0.821 1.222
0.822 1.243
0.823 1.15
0.824 1.29
0.825 1.227
0.826 1.226
0.827 1.262
0.828 1.184
0.829 1.26
0.83 1.183
0.831 1.266
0.832 1.24
0.833 1.222
0.834 1.282
0.835 1.262
0.836 1.245
0.837 1.173
0.838 1.224
0.839 1.25
0.84 1.212
0.841 1.28
0.842 1.209
0.843 1.23
0.844 1.188
0.845 1.274
0.846 1.251
0.847 1.299
0.848 1.348
0.849 1.279
0.85 1.324
0.851 1.18
0.852 1.3
0.853 1.305
0.854 1.324
0.855 1.302
0.856 1.317
0.857 1.195
0.858 1.289
0.859 1.342
0.86 1.33
0.861 1.277
0.862 1.282
0.863 1.326
0.864 1.288
0.865 1.256
0.866 1.31
0.867 1.32
0.868 1.321
0.869 1.328
0.87 1.303
0.871 1.421
0.872 1.346
0.873 1.358
0.874 1.371
0.875 1.338
0.876 1.386
0.877 1.328
0.878 1.402
0.879 1.374
0.88 1.414
0.881 1.349
0.882 1.387
0.883 1.361
0.884 1.402
0.885 1.391
0.886 1.35
0.887 1.361
0.888 1.336
0.889 1.424
0.89 1.312
0.891 1.424
0.892 1.436
0.893 1.382
0.894 1.413
0.895 1.445
0.896 1.411
0.897 1.48
0.898 1.461
0.899 1.459
0.9 1.405
0.901 1.38
0.902 1.398
0.903 1.407
0.904 1.41
0.905 1.419
0.906 1.475
0.907 1.466
0.908 1.367
0.909 1.419
0.91 1.447
0.911 1.574
0.912 1.5
0.913 1.513
0.914 1.483
0.915 1.469
0.916 1.403
0.917 1.575
0.918 1.517
0.919 1.509
0.92 1.55
0.921 1.596
0.922 1.621
0.923 1.566
0.924 1.547
0.925 1.591
0.926 1.5
0.927 1.588
0.928 1.582
0.929 1.587
0.93 1.563
0.931 1.536
0.932 1.576
0.933 1.615
0.934 1.606
0.935 1.679
0.936 1.69
0.937 1.6
0.938 1.705
0.939 1.662
0.94 1.682
0.941 1.652
0.942 1.68
0.943 1.724
0.944 1.753
0.945 1.698
0.946 1.741
0.947 1.714
0.948 1.76
0.949 1.708
0.95 1.721
0.951 1.788
0.952 1.847
0.953 1.751
0.954 1.817
0.955 1.839
0.956 1.81
0.957 2.001
0.958 1.802
0.959 1.837
0.96 1.926
0.961 1.953
0.962 1.885
0.963 1.969
0.964 1.907
0.965 1.961
0.966 2.034
0.967 2.008
0.968 2.004
0.969 2.098
0.97 2.088
0.971 2.192
0.972 2.161
0.973 2.143
0.974 2.121
0.975 2.27
0.976 2.209
0.977 2.332
0.978 2.358
0.979 2.346
0.98 2.39
0.981 2.467
0.982 2.561
0.983 2.474
0.984 2.587
0.985 2.512
0.986 2.836
0.987 2.85
0.988 2.935
0.989 2.838
0.99 2.947
0.991 3.145
0.992 3.353
0.993 3.47
0.994 3.621
0.995 4.053
0.996 4.177
0.997 4.738
0.998 5.627
0.999 11.089
1 0.082
